         Source name  Orientation      lcen     bcen    V_LSR    Distance  Length  Width  Velocity width       Mass   N(H2)_max   N(H2)_ave    Parameter p
                            (deg)     (deg)    (deg) (km s−1)       (kpc)    (pc)   (pc)        (km s−1)    (M_sun)      (cm-2)      (cm-2)

G129.550-0.525-08.02        24.76   129.550   -0.525    -8.02   0.56±0.19    0.95   0.27            1.52       0.70    2.62e+21    3.52e+20          0.050
G122.908+1.000+00.17       -69.46   122.908    1.000     0.17   0.23±0.02    0.40   0.12            0.71       0.10    1.58e+21    2.27e+20          0.152
G109.583+4.733-01.67        59.46   109.583    4.733    -1.67   0.77±0.09    0.68   0.29            0.97       0.59    1.89e+21    2.46e+20          0.412
G125.233-2.958-17.54        38.06   125.233   -2.958   -17.54   2.12±0.87    5.50   1.26            2.23      49.79    9.24e+21    6.87e+20          0.059
G120.217+1.675-58.45        46.43   120.217    1.675   -58.45   2.58±0.34    8.09   2.04            2.20      60.82    5.72e+21    5.44e+20          0.033
G121.750-3.175-24.05       -36.01   121.750   -3.175   -24.05   2.33±0.85    5.74   1.52            1.35      21.65    2.98e+21    2.84e+20          0.123
G134.100+2.083-31.06       -45.88   134.100    2.083   -31.06   2.19±0.32    6.44   1.42            1.21      36.31    5.15e+21    3.77e+20          0.333
G115.950+3.150-11.19        27.55   115.950    3.150   -11.19   0.75±0.08    1.08   0.29            0.77       0.66    2.17e+21    3.64e+20          0.389
G140.950-1.933-35.40        57.38   140.950   -1.933   -35.40   2.11±0.26    2.82   0.87            1.15       5.67    1.97e+21    3.16e+20          0.171
G109.433+0.942-07.18       -57.30   109.433    0.942    -7.18   0.78±0.08    1.32   0.36            0.79       0.84    1.87e+21    2.03e+20          0.051
G108.667-1.833-60.95        55.86   108.667   -1.833   -60.95   3.22±0.10    4.74   1.81            1.68      20.26    2.02e+21    2.60e+20          0.148
G118.108-0.658+02.00       -55.23   118.108   -0.658     2.00   0.70±0.05    2.65   0.63            2.15       9.70    6.60e+21    6.55e+20          0.123
G139.208-0.533-42.42        67.27   139.208   -0.533   -42.42   2.11±0.24    4.19   1.00            1.26      10.88    2.60e+21    2.53e+20          0.167
G118.592+4.800-11.52       -47.08   118.592    4.800   -11.52   0.72±0.07    0.77   0.29            0.86       0.73    2.45e+21    2.69e+20          0.531
G131.350-0.408-15.70        43.58   131.350   -0.408   -15.70   1.32±0.66    2.91   0.73            1.41       4.13    2.14e+21    1.86e+20          0.137
G116.175-4.717-05.84        23.99   116.175   -4.717    -5.84   0.70±0.05    0.94   0.32            1.11       0.77    2.05e+21    4.02e+20          0.049
G118.933+3.375-63.29        20.45   118.933    3.375   -63.29   5.47±0.93    8.50   2.55            1.46      67.24    3.27e+21    2.79e+20          0.028
G139.400+4.892-52.60       -30.79   139.400    4.892   -52.60   5.13±1.01   12.52   2.71            0.88     103.91    3.12e+21    3.50e+20          0.166
G147.092+1.258-33.40        30.56   147.092    1.258   -33.40   2.04±0.19    4.84   1.25            1.59      19.92    2.97e+21    3.71e+20          0.045
G137.717+3.792-46.76        24.82   137.717    3.792   -46.76   1.96±0.04    3.68   1.11            1.18      11.83    3.18e+21    3.32e+20          0.417
G132.417+1.425-49.43       -61.53   132.417    1.425   -49.43   1.96±0.04    3.43   0.95            0.99       8.69    2.50e+21    3.05e+20          0.356
G146.925-0.033-63.79       -50.98   146.925   -0.033   -63.79   9.35±0.68   15.83   4.87            1.17     196.04    1.91e+21    2.62e+20          0.066
G144.392+0.175-23.88       -57.57   144.392    0.175   -23.88   2.08±0.31    4.03   1.49            2.26      25.20    5.11e+21    6.09e+20          0.301
G118.433+0.400-44.09       -70.95   118.433    0.400   -44.09   2.66±0.30   10.23   2.17            1.77     116.40    1.00e+22    1.13e+21          0.208
G147.442-4.283-09.69       -20.96   147.442   -4.283    -9.69   0.26±0.03    0.61   0.18            1.65       0.35    3.85e+21    3.38e+20          0.630
G150.108-4.017-15.53       -45.85   150.108   -4.017   -15.53   1.83±0.51    3.52   1.07            1.71      16.47    3.47e+21    3.35e+20          0.124
G120.950+1.558-08.35        67.19   120.950    1.558    -8.35   0.70±0.04    1.46   0.41            1.40       1.82    2.65e+21    2.92e+20          0.209
G107.408-0.300-47.26       -43.61   107.408   -0.300   -47.26   2.94±0.30    7.30   1.73            1.59      35.36    4.06e+21    4.48e+20          0.008
G137.808+4.450-53.11        61.51   137.808    4.450   -53.11   1.95±0.04    5.03   1.10            3.36      17.68    3.27e+21    2.60e+20          0.310
G150.025-0.042-31.90       -12.66   150.025   -0.042   -31.90   2.07±0.06    2.88   1.03            0.74       6.05    1.91e+21    3.50e+20          0.670
G108.517+4.058-03.34        49.96   108.517    4.058    -3.34   0.78±0.09    0.93   0.37            2.41       2.79    1.32e+22    1.52e+21          0.086
G124.167+2.350-86.67       -18.20   124.167    2.350   -86.67   5.54±0.51    7.05   2.23            0.94      24.98    1.34e+21    2.52e+20          0.507
G147.150-0.517-39.41       -35.75   147.150   -0.517   -39.41   2.03±0.15    2.97   1.00            1.62      12.66    6.84e+21    6.35e+20          0.891
G132.925+3.642-08.02        22.78   132.925    3.642    -8.02   0.55±0.15    1.28   0.33            0.84       0.63    1.48e+21    1.69e+20          0.168
G148.017+0.758+03.34       -28.80   148.017    0.758     3.34   0.26±0.04    0.53   0.17            1.28       0.28    2.61e+21    2.68e+20          0.172
G118.317+3.742-13.19       -36.17   118.317    3.742   -13.19   0.74±0.08    1.15   0.33            1.44       1.48    4.03e+21    3.64e+20          0.295
G129.850-0.725-46.93       -63.47   129.850   -0.725   -46.93   1.96±0.04    2.55   0.69            1.14       4.85    2.88e+21    2.51e+20          0.216
G132.642+3.217+02.67       -44.33   132.642    3.217     2.67   0.24±0.03    0.69   0.15            0.90       0.24    3.25e+21    2.19e+20          0.221
G139.658-0.817-50.43        39.02   139.658   -0.817   -50.43   2.12±0.24    5.34   1.50            1.69      35.31    5.53e+21    4.87e+20          0.033
G142.508+4.367-49.43       -76.27   142.508    4.367   -49.43   4.91±0.87    6.90   2.46            0.94      44.13    2.41e+21    3.56e+20          0.730
G148.758+0.175-05.34        45.13   148.758    0.175    -5.34   0.47±0.15    0.17   0.00            0.83       0.14    1.47e+21    2.92e+20          0.470
G128.208+0.808-48.60        39.80   128.208    0.808   -48.60   2.35±0.27    6.72   1.63            2.02      59.93    7.78e+21    5.85e+20          0.036
G122.675+2.042-49.60        47.67   122.675    2.042   -49.60   2.51±0.30    4.17   1.38            2.42      19.71    4.07e+21    6.47e+20          0.028
G116.417+2.583-05.68        71.41   116.417    2.583    -5.68   0.73±0.08    1.35   0.34            0.75       1.05    2.05e+21    2.79e+20          0.206
G108.825+4.075-09.69        42.39   108.825    4.075    -9.69   0.81±0.10    1.70   0.42            0.78       1.26    1.63e+21    1.98e+20          0.077
G124.792+2.458-86.17        55.52   124.792    2.458   -86.17   5.53±0.51   12.67   4.00            1.09      97.72    4.31e+21    4.25e+20          0.634
G113.850+3.250-19.37       -14.78   113.850    3.250   -19.37   2.33±0.85    5.21   1.86            2.10      38.85    5.39e+21    5.92e+20          0.417
G106.700+0.083-11.86       -28.21   106.700    0.083   -11.86   0.79±0.10    1.07   0.31            0.74       0.71    1.35e+21    2.12e+20          0.300
G123.933+2.517+00.17        36.85   123.933    2.517     0.17   0.24±0.03    0.28   0.10            1.43       0.10    4.17e+21    4.94e+20          0.327
G121.350-3.383-41.75       -30.90   121.350   -3.383   -41.75   2.27±0.15    7.43   2.65            1.43     249.66    2.03e+22    2.62e+21          0.270
G120.542+2.425-49.60       -54.40   120.542    2.425   -49.60   2.57±0.31    2.12   0.87            1.34       6.42    2.68e+21    3.62e+20          0.118
G114.650+3.467+01.50       -24.14   114.650    3.467     1.50   0.74±0.08    1.12   0.35            1.07       1.78    2.84e+21    2.77e+20          0.395
G107.500+0.075-54.78        61.02   107.500    0.075   -54.78   2.93±0.29    5.13   2.00            1.55      85.39    9.40e+21    1.04e+21          0.366
G146.100-0.033-41.92       -47.94   146.100   -0.033   -41.92   2.03±0.17    5.01   1.14            1.14      16.21    3.96e+21    4.07e+20          0.284
G149.583-0.192-42.25       -30.56   149.583   -0.192   -42.25   4.64±0.49    5.57   2.18            1.60      38.81    3.28e+21    3.83e+20          0.030
G122.717+1.575-71.81        21.56   122.717    1.575   -71.81   6.29±0.90    8.84   2.52            1.51      69.34    2.01e+21    4.08e+20          0.180
G132.525+1.675-64.96        38.64   132.525    1.675   -64.96   5.44±0.63   18.26   5.79            2.60     717.01    7.97e+21    8.58e+20          0.057
G123.417+2.200-52.10        72.83   123.417    2.200   -52.10   2.46±0.31    3.70   1.02            0.92      13.60    3.23e+21    5.57e+20          0.221
G122.192+1.442-53.44        33.23   122.192    1.442   -53.44   2.51±0.29    2.88   1.06            1.72      10.62    3.14e+21    4.65e+20          0.309
G127.900+4.558-12.86       -33.37   127.900    4.558   -12.86   0.84±0.60    1.37   0.33            0.85       0.79    1.85e+21    1.86e+20          0.325
G126.892-4.042-11.52        60.56   126.892   -4.042   -11.52   2.22±0.67    3.31   1.20            1.62      14.49    4.29e+21    4.21e+20          0.173
G109.333-0.575-45.59        49.45   109.333   -0.575   -45.59   2.84±0.30    6.78   2.05            3.84      39.49    4.90e+21    6.07e+20          0.326
G107.650+2.258-72.81        23.49   107.650    2.258   -72.81   6.82±0.81    9.79   3.11            1.33      66.42    2.52e+21    3.37e+20          0.409
G118.508+2.425-70.47       -61.21   118.508    2.425   -70.47   6.25±0.84    6.25   2.51            0.93      34.36    2.19e+21    2.73e+20          0.506
G109.033+2.733+03.01       -27.61   109.033    2.733     3.01   0.76±0.09    1.34   0.38            0.78       1.02    2.42e+21    3.18e+20          0.591
G112.933+0.275+01.17         4.78   112.933    0.275     1.17   2.31±1.02   12.43   2.31            1.31      89.59    4.11e+21    5.07e+20          0.090
G118.483+5.075-21.88       -25.44   118.483    5.075   -21.88   2.04±1.04    4.10   1.02            1.70      51.06    2.18e+22    1.40e+21          0.095
G148.367-1.867-33.40        39.10   148.367   -1.867   -33.40   2.04±0.14    4.12   1.18            1.19      13.53    3.64e+21    5.38e+20          0.359
G114.492+3.758-45.09        72.58   114.492    3.758   -45.09   2.64±0.12    5.36   1.24            1.36      19.77    3.53e+21    4.94e+20          0.242
G121.308+1.875-56.45        37.17   121.308    1.875   -56.45   2.55±0.32    3.21   1.09            1.68       9.67    3.21e+21    5.54e+20          0.096
G139.742+1.542-43.09       -37.42   139.742    1.542   -43.09   2.12±0.24    3.65   1.04            1.84      10.14    3.19e+21    3.44e+20          0.252
G115.592+2.725-65.30        63.44   115.592    2.725   -65.30   5.76±0.78    9.03   2.71            2.29      50.16    2.65e+21    3.57e+20          0.394
G106.117-3.233-35.74        40.34   106.117   -3.233   -35.74   3.27±0.72    6.46   2.03            1.60     101.01    8.33e+21    8.22e+20          0.320
G143.408-2.825-22.38       -33.33   143.408   -2.825   -22.38   2.05±0.50    4.01   1.28            0.96      11.84    2.22e+21    3.29e+20          0.248
G139.017+3.133-04.84       -41.20   139.017    3.133    -4.84   0.50±0.16    1.29   0.32            1.00       0.97    2.27e+21    1.72e+20          0.440
G122.017-2.942-22.21       -21.37   122.017   -2.942   -22.21   2.29±0.88    6.88   1.96            1.43      40.54    4.16e+21    4.26e+20          0.335
G119.742+0.408-34.07        23.19   119.742    0.408   -34.07   2.63±0.90    2.87   1.01            1.15      10.32    3.54e+21    3.97e+20          0.536
G112.650+3.725-73.48        29.31   112.650    3.725   -73.48   6.68±0.83   16.16   5.35            1.52     459.33    4.57e+21    5.21e+20          0.210
G110.358+3.008-15.53       -55.12   110.358    3.008   -15.53   0.81±0.10    1.01   0.34            1.08       0.73    2.35e+21    3.08e+20          0.096
G146.500-4.008-07.35       -30.41   146.500   -4.008    -7.35   0.46±0.17    0.49   0.16            0.69       0.11    1.28e+21    1.73e+20          0.164
G140.342-3.192-17.37        48.15   140.342   -3.192   -17.37   1.72±0.69    1.38   0.58            0.85       1.85    1.71e+21    2.58e+20          0.073
G105.758+2.250-04.17       -36.71   105.758    2.250    -4.17   0.78±0.10    1.62   0.54            1.09       4.00    3.67e+21    3.30e+20          0.182
G108.742-4.667-49.10       -49.42   108.742   -4.667   -49.10   3.22±0.10    4.20   1.42            0.82      10.48    2.17e+21    2.74e+20          0.462
G122.058+0.633-52.77       -37.06   122.058    0.633   -52.77   2.52±0.28    8.73   1.84            1.43      69.38    5.40e+21    3.94e+20          0.447
G139.600+3.242-04.51       -70.72   139.600    3.242    -4.51   0.50±0.16    0.98   0.23            2.97       0.56    3.93e+21    3.19e+20          0.352
G107.642-0.183-49.10       -23.33   107.642   -0.183   -49.10   2.95±0.30   12.58   3.32            2.08     383.25    2.14e+22    1.56e+21          1.200
G114.308-0.833-50.77        51.28   114.308   -0.833   -50.77   2.71±0.17    2.95   1.19            1.64      13.63    4.01e+21    6.14e+20          0.131
G118.508-2.767-40.91       -17.77   118.508   -2.767   -40.91   2.65±0.31    6.48   1.24            1.06      40.68    6.24e+21    6.90e+20          0.843
G111.058+3.092-57.95       -35.42   111.058    3.092   -57.95   2.65±0.13    2.75   1.21            1.18      11.81    4.22e+21    4.14e+20          0.840
G123.025-1.275-10.02       -42.30   123.025   -1.275   -10.02   0.99±2.24    6.38   1.46            1.67      73.56    1.03e+22    9.77e+20          0.005
G142.850-2.008-03.34        64.27   142.850   -2.008    -3.34   0.45±0.17    0.80   0.24            0.66       0.30    1.47e+21    2.56e+20          0.426
G117.525+4.075-31.40       -36.51   117.525    4.075   -31.40   2.58±0.90    8.97   1.82            1.90     111.02    1.15e+22    8.76e+20          0.323
G132.642+0.892-24.88        52.35   132.642    0.892   -24.88   2.42±0.11    2.17   0.84            1.09       3.06    1.49e+21    2.16e+20          0.407
G130.283-0.225-15.20        40.40   130.283   -0.225   -15.20   0.93±0.03    1.15   0.39            0.87       0.95    1.52e+21    1.57e+20          0.480
G118.633-1.892-33.73        60.21   118.633   -1.892   -33.73   2.67±0.87    9.45   2.07            1.94     139.89    9.12e+21    5.69e+20          0.088
G105.633+2.183-04.17       -29.80   105.633    2.183    -4.17   0.78±0.10    1.22   0.31            0.85       1.19    3.22e+21    3.89e+20          0.301
G135.625+4.267-08.85       -57.50   135.625    4.267    -8.85   0.55±0.14    1.12   0.33            1.68       1.07    2.66e+21    2.83e+20          0.581
G135.450+0.717-58.78       -31.04   135.450    0.717   -58.78   1.96±0.04    3.58   0.91            0.83       6.66    2.31e+21    3.44e+20          0.495
G118.850-3.967-06.68       -39.37   118.850   -3.967    -6.68   0.70±0.04    1.75   0.40            1.84       3.19    6.11e+21    5.71e+20          0.252
G105.875+1.450-49.77        49.36   105.875    1.450   -49.77   2.96±0.26    3.29   1.39            1.20      15.38    3.97e+21    4.32e+20          0.381
G137.792+1.042-05.68        43.34   137.792    1.042    -5.68   0.49±0.17    1.33   0.36            1.26       1.60    3.17e+21    2.74e+20          0.143
G113.425-1.733-11.36       -40.43   113.425   -1.733   -11.36   0.76±0.08    1.12   0.33            0.80       0.98    2.55e+21    4.23e+20          0.207
G132.425-1.608-46.26       -49.30   132.425   -1.608   -46.26   2.39±0.11    2.94   0.85            0.82       4.95    1.61e+21    1.80e+20          0.121
G132.358-2.175-15.53       -40.09   132.358   -2.175   -15.53   1.43±0.73    4.49   1.48            2.44      38.41    1.15e+22    1.28e+21          0.022
G111.058-2.592-19.37        59.87   111.058   -2.592   -19.37   2.51±0.79    3.32   1.02            1.09       9.54    2.43e+21    2.51e+20          0.099
G131.650+4.158-06.01        21.88   131.650    4.158    -6.01   0.54±0.16    1.33   0.33            0.75       0.91    2.21e+21    1.71e+20          0.457
G133.242+1.992-41.75       -71.41   133.242    1.992   -41.75   1.96±0.04    5.96   1.44            1.38      86.21    1.30e+22    8.21e+20          0.149
G107.750+2.342-10.35       -26.71   107.750    2.342   -10.35   0.80±0.10    0.76   0.27            0.76       0.66    1.92e+21    2.94e+20          0.007
G127.642+1.533-11.69        41.63   127.642    1.533   -11.69   0.85±1.51    3.17   0.75            1.75       8.18    4.88e+21    3.12e+20          0.132
G118.067+3.675-38.58       -57.99   118.067    3.675   -38.58   2.78±1.00   11.82   2.70            1.52     371.71    1.42e+22    1.23e+21          1.311
G127.608+0.483-50.27        54.75   127.608    0.483   -50.27   2.38±0.28    6.71   2.09            2.91      56.12    4.99e+21    4.01e+20          0.594
G114.883-0.425-09.35        31.71   114.883   -0.425    -9.35   0.75±0.08    1.67   0.54            2.07       5.37    9.77e+21    1.28e+21          0.066
G108.775+2.000+00.33        48.99   108.775    2.000     0.33   0.77±0.09    1.06   0.33            0.94       0.85    1.52e+21    2.56e+20          0.055
G144.567+2.067-11.86       -61.94   144.567    2.067   -11.86   0.95±1.47    3.07   0.88            1.36      14.18    6.29e+21    6.32e+20          0.182
G144.133+5.017-15.53       -48.60   144.133    5.017   -15.53   1.45±0.58    4.12   0.89            1.25      25.40    6.18e+21    4.14e+20          0.309
G110.708+2.117+00.83       -13.23   110.708    2.117     0.83   0.76±0.08    1.66   0.46            1.84       2.18    3.97e+21    5.43e+20          0.273
G109.358-0.717-58.12       -60.20   109.358   -0.717   -58.12   2.73±0.20    4.93   1.31            1.30      24.55    3.75e+21    4.71e+20          0.189
G110.425-1.333-53.94        65.62   110.425   -1.333   -53.94   2.71±0.15    4.22   1.23            1.75      38.95    7.90e+21    6.39e+20          0.814
G139.475+1.575-36.91        61.36   139.475    1.575   -36.91   2.12±0.27    8.04   1.81            1.70     200.41    1.54e+22    8.57e+20          0.062
G139.158-3.417-17.87        14.58   139.158   -3.417   -17.87   1.74±0.69    4.54   1.49            1.10      12.95    2.43e+21    4.82e+20          0.048
G127.567+0.417-14.03       -48.93   127.567    0.417   -14.03   1.26±1.06    2.30   0.72            1.41       8.06    7.66e+21    8.99e+20          0.473
G135.025-3.433-08.85       -45.09   135.025   -3.433    -8.85   0.26±0.03    0.39   0.15            1.83       0.42    5.42e+21    3.86e+20          0.021
G130.883+2.292-65.30        26.84   130.883    2.292   -65.30   5.61±0.75   12.86   3.18            1.35     154.00    4.81e+21    4.73e+20          0.400
G110.775+2.867-12.36        39.98   110.775    2.867   -12.36   0.73±0.08    0.78   0.27            1.44       0.31    1.94e+21    2.41e+20          0.509
G142.933-1.375-12.19        42.04   142.933   -1.375   -12.19   1.37±0.71    2.23   0.58            1.19       2.31    2.41e+21    3.06e+20          0.318
G123.675-4.175-28.56       -63.21   123.675   -4.175   -28.56   2.42±0.22    2.75   0.89            1.57       5.10    2.68e+21    2.40e+20          0.653
G122.717+2.583-11.52       -61.27   122.717    2.583   -11.52   0.69±3.02    1.38   0.25            1.92       0.75    1.81e+21    1.75e+20          0.520
G124.442+2.967-59.95        58.40   124.442    2.967   -59.95   5.23±0.80    6.20   1.86            1.12      23.70    2.21e+21    3.58e+20          0.231
G106.017+3.292-67.30       -23.25   106.017    3.292   -67.30   6.39±0.78    9.41   3.73            1.70     154.21    5.44e+21    6.01e+20          0.232
G113.692-1.983-58.78        23.27   113.692   -1.983   -58.78   2.68±0.12    5.07   1.52            4.18      28.95    4.30e+21    4.51e+20          0.164
G123.167+4.075-69.81       -35.62   123.167    4.075   -69.81   6.23±0.89   11.42   3.79            1.41     161.68    4.36e+21    3.84e+20          0.125
G118.542+0.617-42.92       -54.69   118.542    0.617   -42.92   2.65±0.30    3.92   1.25            1.13      14.78    4.18e+21    4.47e+20          0.105
G122.667+0.642-00.33        70.70   122.667    0.642    -0.33   0.69±1.72    1.19   0.33            0.99       0.77    2.10e+21    2.24e+20          0.611
G111.158+3.275-11.86       -58.03   111.158    3.275   -11.86   0.79±0.09    1.15   0.35            1.55       0.59    1.59e+21    2.34e+20          0.028
G142.767-0.367-42.42        16.39   142.767   -0.367   -42.42   2.06±0.21    3.99   1.40            2.00      27.82    3.72e+21    4.21e+20          0.225
G110.900-4.333-20.54        83.26   110.900   -4.333   -20.54   2.52±0.78    4.33   1.26            2.37      53.03    7.02e+21    1.04e+21          0.221
G144.642-1.275-12.19        21.17   144.642   -1.275   -12.19   1.32±1.32    2.61   0.79            1.19       5.29    2.22e+21    3.07e+20          0.568
G149.033-3.508-13.36        22.43   149.033   -3.508   -13.36   1.73±0.56    4.58   0.94            1.98      25.11    7.41e+21    5.55e+20          0.005
G105.950+2.625-09.52        21.21   105.950    2.625    -9.52   0.81±0.11    1.39   0.43            1.24       1.86    3.28e+21    3.84e+20          0.027
G110.692-3.617-05.34        55.79   110.692   -3.617    -5.34   0.74±0.09    1.55   0.40            0.67       1.20    1.61e+21    1.91e+20          0.100
G132.508-0.133+00.17       -30.43   132.508   -0.133     0.17   0.25±0.03    0.40   0.13            1.08       0.09    1.55e+21    2.01e+20          0.082
G119.517-2.767-23.55       -39.23   119.517   -2.767   -23.55   2.41±0.94    2.66   0.91            2.86      13.87    4.15e+21    3.91e+20          0.020
G118.542-0.933-51.27        50.82   118.542   -0.933   -51.27   2.67±0.28    6.12   1.93            1.41      47.42    5.07e+21    6.19e+20          0.172
G111.950+3.792-15.53        38.45   111.950    3.792   -15.53   0.81±0.10    1.51   0.45            1.24       2.53    3.68e+21    3.18e+20          0.280
G140.775+0.200-40.91        54.44   140.775    0.200   -40.91   2.10±0.24    3.67   1.18            1.12      23.70    7.62e+21    9.52e+20          0.812
G133.200+1.600-73.98        47.80   133.200    1.600   -73.98   5.31±0.53    9.64   2.90            1.07     110.89    3.99e+21    5.63e+20          0.015
G143.933+2.700+00.83        32.99   143.933    2.700     0.83   0.43±0.18    1.49   0.36            0.75       1.46    2.10e+21    2.13e+20          0.345
G134.792-2.467-02.00       -48.09   134.792   -2.467    -2.00   0.26±0.03    1.00   0.25            1.03       0.89    3.16e+21    1.82e+20          0.483
G145.000-0.525-25.38       -55.49   145.000   -0.525   -25.38   2.07±0.26    6.95   1.96            1.46     108.73    7.04e+21    7.36e+20          0.626
G116.100+4.692-10.86       -46.05   116.100    4.692   -10.86   0.74±0.08    1.04   0.31            1.25       0.74    2.26e+21    2.58e+20          0.547
G115.225+1.158-00.33       -21.28   115.225    1.158    -0.33   0.74±0.08    2.38   0.70            1.52       5.21    4.16e+21    5.62e+20          0.095
G126.800-5.033-10.69       -26.88   126.800   -5.033   -10.69   0.89±0.20    1.89   0.46            2.11       5.19    7.76e+21    9.03e+20          0.256
G116.067+4.933+04.68       -20.65   116.067    4.933     4.68   0.72±0.08    0.90   0.30            0.82       0.67    2.01e+21    4.01e+20          0.093
G105.767+2.750-15.36        44.40   105.767    2.750   -15.36   0.83±0.11    1.84   0.50            3.84       2.95    3.88e+21    5.69e+20          0.051
G135.142+2.092-07.01       -64.48   135.142    2.092    -7.01   0.51±0.16    0.66   0.21            0.92       0.23    2.16e+21    2.57e+20          0.454
G132.183+1.583-77.99       -80.56   132.183    1.583   -77.99   5.32±0.54   13.39   2.84            1.38     199.31    4.23e+21    5.20e+20          0.169
G105.425+1.183-57.28       -26.91   105.425    1.183   -57.28   2.93±0.26    5.51   1.58            2.97      45.35    8.14e+21    7.53e+20          0.428
G148.708+3.792+05.34       -57.22   148.708    3.792     5.34   0.25±0.03    0.74   0.19            0.69       0.27    1.50e+21    1.95e+20          0.255
G140.758+0.258-39.75       -30.73   140.758    0.258   -39.75   2.10±0.24    3.31   0.87            1.02       7.74    2.52e+21    3.17e+20          0.456
G129.875-0.200+01.84       -27.59   129.875   -0.200     1.84   0.23±0.02    0.47   0.13            0.91       0.12    1.59e+21    1.73e+20          0.508
G120.858-2.217-20.04       -48.42   120.858   -2.217   -20.04   2.31±0.95    6.86   1.71            1.65      88.88    8.80e+21    5.53e+20          0.646
G110.658-1.683-15.87        36.89   110.658   -1.683   -15.87   2.49±0.81    2.84   0.92            1.02       3.60    1.41e+21    1.97e+20          0.366
G117.383+0.242-01.84       -47.86   117.383    0.242    -1.84   0.72±0.09    1.07   0.34            0.69       0.69    1.56e+21    2.33e+20          0.047
G111.975+3.608-73.48       -34.30   111.975    3.608   -73.48   6.71±0.85   15.28   4.88            2.38     279.44    6.11e+21    6.08e+20          0.127
G131.542-2.642-16.37       -26.77   131.542   -2.642   -16.37   1.59±0.72    3.87   1.15            2.83      27.83    8.29e+21    7.42e+20          0.469
G110.225-3.300+04.34        21.64   110.225   -3.300     4.34   0.74±0.15    1.78   0.41            2.11       3.60    3.97e+21    5.37e+20          0.175
G144.383+0.125+00.67       -52.35   144.383    0.125     0.67   0.27±0.02    0.65   0.19            0.77       0.43    2.77e+21    3.33e+20          0.167
G144.992-0.792-36.57        50.49   144.992   -0.792   -36.57   2.05±0.21    4.54   1.37            1.78      27.23    5.64e+21    5.97e+20          0.074
G132.617-0.192-36.57        42.03   132.617   -0.192   -36.57   2.40±0.11    4.54   1.37            3.22      20.70    3.17e+21    5.46e+20          0.180
G137.583-1.967-05.68        63.52   137.583   -1.967    -5.68   0.47±0.18    0.49   0.17            0.67       0.16    1.29e+21    2.11e+20          0.493
G109.133-4.033-36.24        24.28   109.133   -4.033   -36.24   3.13±0.81    4.05   1.59            2.67      37.79    7.99e+21    8.83e+20          0.264
G122.467+0.575-42.25       -48.62   122.467    0.575   -42.25   2.51±0.30    4.01   1.25            1.63      31.21    1.13e+22    1.02e+21          0.985
G145.925-1.933-27.05        43.41   145.925   -1.933   -27.05   2.08±0.26   14.32   3.77            3.92     361.32    1.18e+22    7.66e+20          0.195
G105.125+2.242-18.87       -40.65   105.125    2.242   -18.87   2.50±0.71    5.10   1.44            1.51      33.42    5.44e+21    6.63e+20          0.256
G124.442+1.858-57.11        34.04   124.442    1.858   -57.11   2.44±0.32    4.85   1.40            1.09      20.09    3.45e+21    3.72e+20          0.359
G150.083-0.633-10.52        77.83   150.083   -0.633   -10.52   0.51±0.14    1.05   0.27            2.61       1.17    4.42e+21    7.11e+20          0.040
G104.975-2.925-07.01       -22.39   104.975   -2.925    -7.01   0.74±0.09    1.15   0.34            1.71       1.09    3.01e+21    2.99e+20          0.499
G143.508-0.492-08.52       -39.67   143.508   -0.492    -8.52   0.49±0.17    0.71   0.22            1.29       0.41    3.30e+21    3.96e+20          0.879
G139.967-0.950+03.01        23.40   139.967   -0.950     3.01   0.25±0.05    0.82   0.24            1.25       0.80    4.62e+21    4.62e+20          0.073
G131.767+1.483-02.34       -32.76   131.767    1.483    -2.34   0.46±0.20    1.12   0.32            1.36       0.93    2.64e+21    3.03e+20          0.449
G112.108+0.267-54.94       -72.28   112.108    0.267   -54.94   2.68±0.12    5.38   1.75            0.75      27.03    3.81e+21    5.66e+20          0.076
G119.892+0.208-33.23        26.81   119.892    0.208   -33.23   2.61±0.92   10.78   2.29            1.58     262.36    1.52e+22    1.19e+21          0.766
G137.717+0.550-33.90        21.50   137.717    0.550   -33.90   2.38±0.10    3.87   1.30            1.42      33.34    7.76e+21    1.06e+21          0.134
G122.017+0.642-12.53       -46.42   122.017    0.642   -12.53   1.00±1.15    4.06   1.12            2.18      18.64    4.63e+21    4.06e+20          0.399
G113.708-0.442-39.41       -42.59   113.708   -0.442   -39.41   2.81±0.25    6.74   1.45            1.20      24.19    5.32e+21    3.58e+20          0.037
G105.758+2.967-00.67        42.14   105.758    2.967    -0.67   0.77±0.09    2.20   0.75            1.70       5.95    4.20e+21    4.43e+20          0.414
G135.825-0.525-36.24       -51.70   135.825   -0.525   -36.24   2.39±0.10   11.16   2.49            1.90     202.28    8.91e+21    6.31e+20          0.811
G131.325+1.567-46.76        20.65   131.325    1.567   -46.76   1.96±0.04    3.32   1.07            1.38      10.35    2.76e+21    3.93e+20          0.294
G106.617+2.758-09.35        27.04   106.617    2.758    -9.35   0.80±0.10    1.06   0.36            1.11       0.96    2.45e+21    2.79e+20          0.126
G107.050-1.258-29.89        29.65   107.050   -1.258   -29.89   2.98±0.71    4.99   1.54            2.23      91.21    1.44e+22    1.24e+21          0.378
G124.933-2.725-23.88       -38.64   124.933   -2.725   -23.88   2.19±0.82    3.96   1.16            1.35       6.04    1.82e+21    2.06e+20          0.105
G107.550-0.833-38.58       -47.81   107.550   -0.833   -38.58   2.91±0.45    6.69   1.80            1.82      99.33    1.52e+22    6.90e+20          0.135
G130.350+1.508-10.02        12.99   130.350    1.508   -10.02   0.57±0.14    2.31   0.66            2.52      13.06    1.13e+22    1.33e+21          0.325
G105.217+4.850-08.35       -54.54   105.217    4.850    -8.35   0.83±0.11    1.38   0.51            1.75       4.62    5.34e+21    6.24e+20          0.032
G148.242+2.400-03.34        35.80   148.242    2.400    -3.34   0.47±0.15    0.83   0.29            0.83       0.46    1.66e+21    2.15e+20          0.277
G134.875-3.150-16.20        34.62   134.875   -3.150   -16.20   1.57±0.71    1.29   0.55            1.03       2.48    2.56e+21    4.16e+20          0.092
G144.058+0.842-32.56        27.18   144.058    0.842   -32.56   2.05±0.24    2.87   1.07            1.44       9.47    3.88e+21    3.81e+20          0.383
G131.108+3.375-07.68        19.21   131.108    3.375    -7.68   0.54±0.16    1.52   0.39            1.51       1.97    2.77e+21    3.04e+20          0.427
G118.875-2.642-32.23        33.48   118.875   -2.642   -32.23   2.61±0.90    2.71   0.89            1.24       6.21    3.41e+21    3.77e+20          0.591
G122.892+4.150-59.45       -28.44   122.892    4.150   -59.45   4.49±1.82   11.45   4.00            2.53     331.58    7.57e+21    8.90e+20          0.267
G105.250-1.400-13.36       -44.73   105.250   -1.400   -13.36   0.77±0.09    0.81   0.33            2.16       1.29    4.39e+21    7.21e+20          0.011
G149.692-2.067-36.74       -53.40   149.692   -2.067   -36.74   2.06±0.06   12.06   2.74            3.60     248.43    6.53e+21    4.65e+20          0.000
G132.017-4.908-00.50       -60.48   132.017   -4.908    -0.50   0.25±0.03    1.00   0.21            0.81       0.70    6.91e+21    3.69e+20          0.068
G118.733+3.450-12.69        74.35   118.733    3.450   -12.69   0.73±0.07    0.99   0.33            1.38       1.01    3.41e+21    3.76e+20          0.266
G139.208+3.167-11.86        53.40   139.208    3.167   -11.86   0.62±0.08    2.49   0.58            2.20       7.86    9.48e+21    5.14e+20          0.743
G120.758+3.683-65.13       -20.93   120.758    3.683   -65.13   5.68±0.84    9.53   2.94            1.27      68.53    2.36e+21    2.77e+20          0.021
G108.867+4.342+01.17       -28.51   108.867    4.342     1.17   0.77±0.09    1.35   0.42            1.59       1.29    3.37e+21    4.20e+20          0.095
G107.533+0.325-49.27       -68.20   107.533    0.325   -49.27   2.95±0.30    5.76   1.92            1.32      62.39    8.06e+21    8.89e+20          1.043
G106.175+2.342-13.53        41.96   106.175    2.342   -13.53   0.82±0.11    1.31   0.37            1.31       0.96    2.01e+21    3.50e+20          0.092
G127.800-1.083-06.01       -35.58   127.800   -1.083    -6.01   0.55±0.16    0.86   0.24            1.43       0.83    3.52e+21    4.66e+20          0.151
G107.433+0.525-07.35       -62.48   107.433    0.525    -7.35   0.78±0.09    1.05   0.38            1.10       1.65    4.49e+21    5.39e+20          0.329
G110.933+2.833-13.36        41.39   110.933    2.833   -13.36   0.73±0.08    1.55   0.52            1.63       3.71    4.40e+21    5.00e+20          0.162
G126.658+3.600+01.67       -29.84   126.658    3.600     1.67   0.24±0.03    0.56   0.17            0.72       0.20    2.40e+21    2.99e+20          0.415
G129.808+1.833-49.27       -58.19   129.808    1.833   -49.27   1.96±0.04    3.12   1.05            1.54      24.98    1.01e+22    1.26e+21          0.160
G117.025+0.983-14.53        35.53   117.025    0.983   -14.53   0.78±0.12    2.23   0.55            1.83       5.52    5.87e+21    6.52e+20          0.128
G113.783-3.200-06.18       -63.62   113.783   -3.200    -6.18   0.74±0.08    1.99   0.59            1.45       4.67    5.91e+21    8.48e+20          0.233
G139.500+0.400-10.35        22.28   139.500    0.400   -10.35   1.21±0.83    2.22   0.69            0.69       2.49    1.92e+21    2.64e+20          0.116
G138.208+5.142-08.18        27.94   138.208    5.142    -8.18   0.54±0.14    0.70   0.22            2.82       0.93    7.15e+21    8.47e+20          0.030
G134.883+0.875-02.50        42.27   134.883    0.875    -2.50   0.46±0.19    0.52   0.17            0.82       0.12    1.19e+21    1.87e+20          0.287
G113.958-1.275-15.87       -32.89   113.958   -1.275   -15.87   2.44±0.89    3.16   1.03            0.94      11.63    3.86e+21    4.07e+20          0.186
G119.583-2.667-17.54       -32.95   119.583   -2.667   -17.54   2.26±1.07    4.25   1.20            1.69      14.74    3.44e+21    3.89e+20          0.395
G118.292-0.333-52.77       -35.80   118.292   -0.333   -52.77   2.66±0.28    6.27   2.04            1.74      57.81    7.44e+21    6.91e+20          0.598
G141.200-4.167-12.19       -14.43   141.200   -4.167   -12.19   1.29±0.69    2.92   0.80            1.22       6.86    2.53e+21    4.13e+20          0.044
G136.992+2.592-39.41       -65.36   136.992    2.592   -39.41   1.96±0.04    3.86   1.15            1.38      18.35    3.57e+21    4.76e+20          0.542
G136.283+1.900-46.09       -44.01   136.283    1.900   -46.09   1.96±0.04    3.73   1.10            1.45      12.65    4.20e+21    6.28e+20          0.363
G108.808-0.417-53.27        72.40   108.808   -0.417   -53.27   2.89±0.30    4.25   1.34            1.82      23.24    3.92e+21    7.40e+20          0.295
G137.625-0.367-53.61       -59.05   137.625   -0.367   -53.61   1.96±0.04    2.32   1.02            1.06       5.74    1.93e+21    3.42e+20          0.108
G106.850+3.717-90.35        50.64   106.850    3.717   -90.35   8.83±0.99   21.59   5.67            1.01     327.60    2.71e+21    2.84e+20          0.401
G128.458-3.000-33.90       -64.02   128.458   -3.000   -33.90   2.37±0.42    3.68   0.93            0.98      10.36    2.80e+21    5.72e+20          0.354
G138.983+2.133-39.75       -59.08   138.983    2.133   -39.75   2.13±0.25    8.18   1.34            1.91      49.77    5.17e+21    2.32e+20          0.103
G124.108+1.867-51.27        34.44   124.108    1.867   -51.27   2.44±0.30   12.79   3.19            1.92     340.72    1.08e+22    1.16e+21          0.119
G144.883+0.908-09.02        34.54   144.883    0.908    -9.02   0.41±1.78    0.98   0.29            1.10       1.54    8.19e+21    1.07e+21          0.535
G131.492+1.525-03.17       -12.60   131.492    1.525    -3.17   0.52±0.13    1.95   0.42            1.54       4.12    4.69e+21    3.98e+20          0.696
G146.850+4.950-42.92       -41.68   146.850    4.950   -42.92   4.62±1.09   20.63   4.66            1.77     589.51    1.01e+22    6.05e+20          0.098
G120.433+2.225-31.90        73.25   120.433    2.225   -31.90   2.53±0.94    3.01   0.97            1.10       8.81    2.33e+21    3.25e+20          0.350
G145.483+0.292-26.22        43.68   145.483    0.292   -26.22   2.08±0.28    4.21   0.94            1.25       8.38    4.13e+21    3.43e+20          0.369
G126.650-0.667-51.44       -45.66   126.650   -0.667   -51.44   2.42±0.27    7.05   1.28            1.23      25.84    4.58e+21    3.65e+20          0.034
G144.267+0.117-41.42        52.38   144.267    0.117   -41.42   2.04±0.20    5.31   1.62            2.10      32.69    5.60e+21    5.57e+20          0.135
G122.467+0.867-08.85        19.20   122.467    0.867    -8.85   0.84±2.76    1.57   0.34            1.47       1.22    2.36e+21    3.79e+20          0.343
G110.408-2.017-15.87        22.90   110.408   -2.017   -15.87   2.51±0.81    5.24   1.43            1.76      31.71    5.02e+21    4.63e+20          0.201
G133.458-0.833-35.74       -51.72   133.458   -0.833   -35.74   2.40±0.10    5.38   1.27            0.80      15.72    2.80e+21    2.99e+20          0.292
G133.450-1.742-14.03       -58.78   133.450   -1.742   -14.03   1.51±0.72    4.11   1.31            1.39      15.72    4.46e+21    3.57e+20          0.370
G132.558-2.208-13.86       -32.86   132.558   -2.208   -13.86   1.53±0.73    7.79   1.75            2.25     169.99    1.08e+22    5.64e+20          0.753
G112.925-1.142+03.67        47.09   112.925   -1.142     3.67   2.06±1.06    3.66   0.86            1.02       6.65    2.93e+21    3.24e+20          0.347
G121.525+3.008-63.29       -38.59   121.525    3.008   -63.29   5.49±0.87    9.66   3.59            1.84     163.13    6.37e+21    6.32e+20          0.060
G121.967+4.433-08.68        36.33   121.967    4.433    -8.68   0.70±0.04    2.50   0.71            1.19       8.40    3.68e+21    2.60e+20          0.512
G131.817-1.100-18.87        36.55   131.817   -1.100   -18.87   1.87±0.74    6.10   1.49            1.40      30.34    4.60e+21    5.87e+20          0.175
G111.375+3.808-49.77       -41.55   111.375    3.808   -49.77   2.65±0.13    4.28   1.44            1.15      26.90    4.19e+21    3.53e+20          0.088
G131.900+5.033-13.03       -32.42   131.900    5.033   -13.03   0.59±0.13    2.32   0.51            1.50       6.16    6.06e+21    4.71e+20          0.020
G140.567+3.192+02.34        45.53   140.567    3.192     2.34   0.26±0.03    1.08   0.29            0.68       0.49    2.46e+21    2.51e+20          0.606
G111.200+1.683-06.85        49.00   111.200    1.683    -6.85   0.77±0.08    1.13   0.36            0.89       1.18    3.53e+21    3.52e+20          0.390
G128.133+1.983-54.27        30.02   128.133    1.983   -54.27   2.33±0.30    3.64   1.14            1.38      13.77    3.55e+21    2.90e+20          0.592
G115.342+2.775-61.29        45.04   115.342    2.775   -61.29   5.33±0.86    8.22   2.39            1.03      81.28    4.42e+21    5.04e+20          0.430
G120.267-1.208-56.28       -25.85   120.267   -1.208   -56.28   2.59±0.27   13.11   2.47            2.07     326.28    1.08e+22    6.75e+20          0.205
G116.567+4.067-07.01        50.62   116.567    4.067    -7.01   0.73±0.07    1.83   0.43            3.32       1.90    2.39e+21    2.46e+20          0.027
G122.633+0.208+01.50       -74.49   122.633    0.208     1.50   0.23±0.02    1.17   0.19            2.46       1.66    7.61e+21    6.17e+20          0.472
G126.567+3.117-02.34        35.71   126.567    3.117    -2.34   0.49±0.20    1.23   0.36            1.39       1.16    3.70e+21    4.04e+20          0.174
G118.400-1.742-02.00        48.70   118.400   -1.742    -2.00   0.70±0.05    1.40   0.53            1.59       2.34    3.59e+21    3.86e+20          0.214
G119.492+3.333-33.57        32.47   119.492    3.333   -33.57   2.60±0.96    5.17   1.71            1.50      56.11    6.38e+21    8.24e+20          0.093
G119.633-3.108-10.35        43.30   119.633   -3.108   -10.35   1.65±1.17    3.74   1.01            0.79      10.55    2.44e+21    2.75e+20          0.333
G114.675+2.242-16.37       -20.82   114.675    2.242   -16.37   0.79±0.10    2.95   0.65            1.43      16.40    1.10e+22    1.14e+21          0.755
G118.908-2.800-05.68       -49.55   118.908   -2.800    -5.68   0.69±0.03    0.80   0.31            2.70       0.68    3.37e+21    2.73e+20          0.301
G140.625-0.092-44.59        29.16   140.625   -0.092   -44.59   2.10±0.23    3.63   1.06            1.35       8.49    2.10e+21    3.47e+20          0.180
G131.758-1.017-54.61        48.38   131.758   -1.017   -54.61   1.96±0.04    3.58   1.18            1.35      17.11    3.34e+21    4.36e+20          0.301
G121.842-3.308-15.70       -27.90   121.842   -3.308   -15.70   1.98±1.17    3.29   0.94            1.35      10.63    4.25e+21    4.20e+20          0.688
G125.333+1.108-69.64        65.92   125.333    1.108   -69.64   6.05±0.89   12.34   3.15            1.78     230.53    7.78e+21    5.44e+20          0.550
G143.967+2.733+01.34       -62.45   143.967    2.733     1.34   0.27±0.02    0.29   0.11            0.60       0.05    1.17e+21    2.08e+20          0.049
G112.025+2.708-09.35        50.70   112.025    2.708    -9.35   0.78±0.08    1.34   0.36            1.95       1.41    2.57e+21    3.06e+20          0.047
G126.633-2.608-07.01       -27.99   126.633   -2.608    -7.01   0.86±2.11    0.87   0.34            0.71       1.17    2.65e+21    3.07e+20          0.170
G111.900+2.108-10.86        21.77   111.900    2.108   -10.86   0.78±0.08    2.57   0.65            1.91      15.82    1.59e+22    1.82e+21          0.200
G123.267-0.358-39.75        58.51   123.267   -0.358   -39.75   2.48±0.29    6.07   2.00            2.12      88.88    1.21e+22    1.30e+21          0.047
G114.817+2.267-65.13       -32.22   114.817    2.267   -65.13   5.76±0.78   11.03   2.99            1.79     101.48    4.60e+21    4.07e+20          1.027
G131.158-1.783-14.86       -52.90   131.158   -1.783   -14.86   1.60±0.75    3.05   0.66            0.99       5.26    2.53e+21    2.04e+20          0.029
G144.708-2.233-05.34       -58.31   144.708   -2.233    -5.34   0.46±0.17    0.71   0.27            1.88       1.10    4.10e+21    5.36e+20          0.042
G115.867+2.483-09.85       -47.40   115.867    2.483    -9.85   0.75±0.08    0.94   0.28            0.76       0.43    1.71e+21    2.50e+20          0.391
G142.092-4.050-16.70       -28.77   142.092   -4.050   -16.70   1.58±0.72    3.71   1.37            1.51      27.70    5.52e+21    7.34e+20          0.619
G143.592-1.292-33.40       -25.95   143.592   -1.292   -33.40   2.07±0.24    5.72   1.36            1.60      73.15    1.97e+22    1.23e+21          0.426
G142.908+0.017-14.70        24.60   142.908    0.017   -14.70   1.51±0.70    3.82   0.81            1.22       6.19    2.05e+21    1.80e+20          0.159
G144.467-4.208-09.69        50.35   144.467   -4.208    -9.69   0.25±0.03    0.54   0.15            0.53       0.09    1.22e+21    1.35e+20          0.204
G147.183-1.250+00.33        33.91   147.183   -1.250     0.33   0.28±0.01    0.47   0.16            2.28       0.41    7.82e+21    5.45e+20          0.218
G146.842+0.075-38.08        12.72   146.842    0.075   -38.08   2.04±0.16    2.29   0.90            1.62       8.16    2.33e+21    3.47e+20          0.379
G114.575+4.250-11.69        29.57   114.575    4.250   -11.69   0.77±0.08    2.12   0.64            1.08       5.45    5.12e+21    5.41e+20          0.214
G127.867+1.300-53.77        43.51   127.867    1.300   -53.77   2.39±0.29    5.43   1.27            1.17      15.06    2.53e+21    2.08e+20          0.419
G115.758+2.342-06.18        49.29   115.758    2.342    -6.18   0.74±0.08    1.87   0.55            1.98       3.31    4.89e+21    4.74e+20          0.312
G140.850+0.525-58.28        37.46   140.850    0.525   -58.28   5.06±0.51    5.92   1.93            0.90      18.75    1.17e+21    2.18e+20          0.287
G111.608-4.167-21.71       -53.14   111.608   -4.167   -21.71   2.53±0.77    3.76   1.44            1.25      16.01    3.04e+21    3.37e+20          0.063
G122.392+2.192-04.34        22.86   122.392    2.192    -4.34   0.56±0.17    1.76   0.43            1.23       1.88    2.75e+21    4.28e+20          0.107
G120.092+0.867+02.34       -50.23   120.092    0.867     2.34   0.70±0.04    1.20   0.33            0.86       0.74    1.65e+21    2.48e+20          0.459
G105.983+1.033-01.00       -14.86   105.983    1.033    -1.00   0.76±0.09    1.24   0.42            1.31       1.24    2.48e+21    3.99e+20          0.463
G113.267+0.583+00.67        46.23   113.267    0.583     0.67   0.74±0.08    1.94   0.56            2.54       3.67    6.31e+21    4.13e+20          0.712
G105.450+3.558-02.84        55.38   105.450    3.558    -2.84   0.78±0.10    2.42   0.66            1.47      14.34    1.25e+22    1.10e+21          0.158
G148.575-4.383-28.22        44.62   148.575   -4.383   -28.22   2.12±0.37    7.63   1.71            1.54      19.87    1.58e+21    2.03e+20          0.309
G130.808+0.067+00.83       -35.39   130.808    0.067     0.83   0.24±0.03    0.39   0.12            0.89       0.09    2.35e+21    2.46e+20          0.174
G135.658+1.567-60.29        32.22   135.658    1.567   -60.29   5.33±0.60   11.72   2.72            1.15      86.04    3.32e+21    2.73e+20          0.330
G148.308+0.117-31.06       -54.16   148.308    0.117   -31.06   2.07±0.19    5.77   1.59            1.03      33.34    4.23e+21    4.83e+20          0.395
G137.358-0.817-03.01        35.73   137.358   -0.817    -3.01   0.44±0.19    0.57   0.25            0.74       0.34    1.86e+21    2.44e+20          0.155
G133.342+2.308-73.15        12.70   133.342    2.308   -73.15   5.31±0.53    7.93   2.36            1.05      41.69    2.64e+21    3.06e+20          0.285
G107.000-2.517-55.11       -33.66   107.000   -2.517   -55.11   3.21±0.09    4.75   1.86            3.96      48.44    4.92e+21    7.14e+20          0.239
G150.142+2.200-00.83       -44.67   150.142    2.200    -0.83   0.45±0.16    0.77   0.22            0.69       0.40    2.19e+21    2.66e+20          0.125
G139.000+3.983-13.69        61.65   139.000    3.983   -13.69   1.30±0.87    6.35   0.89            2.92      31.28    6.77e+21    3.75e+20          0.181
G129.258-4.775-46.93       -67.54   129.258   -4.775   -46.93   2.30±0.25    4.79   1.53            2.23      34.73    5.29e+21    6.98e+20          0.235
G125.200+2.000-88.34       -60.41   125.200    2.000   -88.34   9.72±0.76   22.67   6.06            1.73     565.89    4.50e+21    4.47e+20          0.266
G113.775+2.783-52.77        25.20   113.775    2.783   -52.77   2.66±0.12    8.75   2.97            1.51     238.68    1.77e+22    1.31e+21          0.429
G120.692+0.317-18.20        44.93   120.692    0.317   -18.20   1.77±1.20    2.18   0.78            2.11       7.00    3.80e+21    5.04e+20          0.175
G133.333-0.642-25.22        20.09   133.333   -0.642   -25.22   2.41±0.11    6.14   2.22            1.96     129.43    1.15e+22    1.54e+21          0.030
G142.108+3.592-45.42        67.78   142.108    3.592   -45.42   2.01±0.23    6.83   1.47            3.70      70.72    1.36e+22    7.40e+20          1.271
G141.875+0.200-20.04        48.87   141.875    0.200   -20.04   1.96±0.54    3.17   0.93            1.23       6.21    2.50e+21    3.36e+20          0.277
G148.292-5.208-19.20        47.77   148.292   -5.208   -19.20   1.93±0.72    3.52   0.91            1.15       8.40    2.63e+21    3.20e+20          0.084
G139.342+2.292-40.25        40.41   139.342    2.292   -40.25   2.10±0.26    3.24   1.35            0.74      14.71    3.26e+21    3.07e+20          0.642
G116.142+3.433-69.14        70.41   116.142    3.433   -69.14   6.13±0.82   12.42   4.07            2.42     159.45    4.26e+21    7.43e+20          0.289
G110.225+2.842-55.95       -46.63   110.225    2.842   -55.95   2.66±0.16    3.41   1.14            2.67      20.73    5.27e+21    4.79e+20          0.326
G113.275-2.508-32.56       -28.84   113.275   -2.508   -32.56   2.84±0.44    3.86   1.49            1.08      27.80    4.53e+21    5.34e+20          0.175
G118.733+2.242-04.17        30.55   118.733    2.242    -4.17   0.71±0.06    2.92   0.72            1.67       7.25    3.76e+21    2.91e+20          0.295
G133.000-1.825-48.93       -38.67   133.000   -1.825   -48.93   2.39±0.11    4.10   1.52            1.24      34.40    5.23e+21    6.64e+20          0.025
G107.367+0.342-12.02       -45.13   107.367    0.342   -12.02   0.79±0.09    1.14   0.40            1.37       0.87    3.39e+21    2.45e+20          1.102
G149.067-1.650-32.23       -21.47   149.067   -1.650   -32.23   2.05±0.10    8.50   2.06            2.32     108.27    7.38e+21    5.19e+20          0.373
G122.475+4.317-08.68        39.66   122.475    4.317    -8.68   0.65±0.20    1.05   0.36            0.87       0.58    2.22e+21    2.61e+20          0.031
G110.058-5.017-42.59       -46.17   110.058   -5.017   -42.59   3.23±0.10    8.64   2.39            2.26     106.50    7.54e+21    6.58e+20          0.475
G145.683-0.383-30.89       -41.62   145.683   -0.383   -30.89   2.07±0.24    7.46   2.19            2.89      81.64    5.77e+21    4.92e+20          0.107
G112.275-3.683-01.67       -33.66   112.275   -3.683    -1.67   0.73±0.08    2.36   0.63            2.86       4.54    4.13e+21    4.83e+20          0.109
G115.017+3.158-10.35        43.61   115.017    3.158   -10.35   0.76±0.08    2.94   0.80            1.25      10.66    7.08e+21    7.55e+20          0.541
G138.375+0.583-39.58        54.62   138.375    0.583   -39.58   2.14±0.25    4.05   1.24            1.27      30.28    7.17e+21    9.65e+20          0.217
G110.767+3.675-33.73       -25.56   110.767    3.675   -33.73   2.90±0.84   13.35   3.59            2.06     237.04    5.31e+21    6.02e+20          0.452
G125.767-3.017-10.19       -11.79   125.767   -3.017   -10.19   0.91±1.07    3.67   0.70            1.35      12.95    7.38e+21    4.66e+20          0.487
G117.050+2.133-05.34       -35.54   117.050    2.133    -5.34   0.72±0.07    0.96   0.35            1.32       1.06    3.54e+21    3.94e+20          0.778
G106.642-0.058-41.42       -41.48   106.642   -0.058   -41.42   2.86±0.28    8.87   2.58            1.75     137.71    1.43e+22    9.95e+20          0.048
G110.192+3.225-05.01        50.26   110.192    3.225    -5.01   0.78±0.08    1.97   0.61            1.78       3.06    3.58e+21    4.62e+20          0.314
G108.883+4.167+01.67       -15.21   108.883    4.167     1.67   0.77±0.09    1.06   0.36            0.86       0.73    1.66e+21    3.53e+20          0.070
G108.883-2.367-33.90        57.88   108.883   -2.367   -33.90   3.53±0.20    5.89   2.01            1.99      67.54    5.13e+21    7.68e+20          0.328
G129.075+1.592-81.16        33.07   129.075    1.592   -81.16   5.42±0.52   11.59   3.10            1.21      77.08    2.35e+21    2.71e+20          0.400
G125.617+0.000-15.87       -30.80   125.617    0.000   -15.87   1.36±1.03    1.72   0.63            1.54       7.26    6.14e+21    4.99e+20          0.484
G106.192+1.717-52.44       -50.49   106.192    1.717   -52.44   2.89±0.26    3.52   1.10            1.19       9.95    2.01e+21    3.22e+20          0.353
G118.058+0.525-50.27       -59.69   118.058    0.525   -50.27   2.70±0.22    9.49   2.67            1.12     130.85    6.88e+21    7.75e+20          0.462
G110.458-3.850+01.84        50.57   110.458   -3.850     1.84   0.73±0.10    1.11   0.33            1.93       1.15    3.14e+21    3.58e+20          0.577
G143.583+1.000-37.24       -40.77   143.583    1.000   -37.24   2.05±0.22    2.35   0.91            1.23       5.50    2.16e+21    2.50e+20          0.422
G118.567+5.083-61.79        36.82   118.567    5.083   -61.79   4.91±1.56    8.17   2.71            1.88      66.13    4.45e+21    4.86e+20          0.643
G130.408-0.892-08.85        55.74   130.408   -0.892    -8.85   0.56±0.15    1.57   0.40            2.41       3.05    4.32e+21    3.46e+20          0.718
G122.467-3.025-11.02        41.83   122.467   -3.025   -11.02   2.28±0.85    3.84   1.62            1.11      24.80    2.97e+21    3.40e+20          0.023
G134.008-4.900-19.20       -18.43   134.008   -4.900   -19.20   1.85±0.71    3.14   0.83            1.27       8.25    3.30e+21    3.42e+20          0.537
G126.250-0.858-41.58       -55.90   126.250   -0.858   -41.58   2.41±0.26    5.01   1.52            2.02      29.65    4.02e+21    4.47e+20          0.058
G112.067+2.225-91.52       -39.93   112.067    2.225   -91.52   6.16±0.53   12.42   3.92            1.25     142.21    3.13e+21    4.10e+20          0.084
G120.083+1.308-05.68        72.94   120.083    1.308    -5.68   0.70±0.04    1.73   0.41            1.76       1.84    2.08e+21    3.44e+20          0.074
G107.425+1.433-48.26       -65.31   107.425    1.433   -48.26   2.88±0.29    3.98   1.12            2.15      12.51    2.87e+21    3.74e+20          0.416
G131.758+3.542-08.52        28.09   131.758    3.542    -8.52   0.56±0.15    1.81   0.45            1.01       2.06    2.32e+21    2.70e+20          0.110
G108.242-0.833-05.01       -50.45   108.242   -0.833    -5.01   0.76±0.09    1.04   0.40            1.87       0.97    3.42e+21    2.75e+20          0.623
G127.525-3.500-14.53       -35.03   127.525   -3.500   -14.53   1.48±1.11    2.89   1.29            2.77      32.42    1.00e+22    1.23e+21          0.484
G112.650-1.000-36.41        21.16   112.650   -1.000   -36.41   3.52±0.20   14.80   2.68            2.09     146.59    4.57e+21    2.53e+20          0.271
G138.542+3.267-51.10        47.55   138.542    3.267   -51.10   2.11±0.25    5.27   1.34            1.67      18.13    4.02e+21    3.74e+20          0.529
G109.317-4.342-46.09       -40.16   109.317   -4.342   -46.09   3.21±0.10   11.07   2.81            1.78     148.83    7.04e+21    5.12e+20          0.337
G122.975+2.558-36.07       -40.96   122.975    2.558   -36.07   2.53±0.88    3.67   1.17            1.43      14.80    3.44e+21    4.07e+20          0.386
G142.033+1.550-41.58        28.10   142.033    1.550   -41.58   2.04±0.23    3.11   0.94            1.10       6.32    2.58e+21    2.42e+20          0.465
G123.183-2.325-17.87        55.24   123.183   -2.325   -17.87   2.17±0.92    2.88   0.87            1.05       4.95    1.84e+21    3.16e+20          0.450
G118.242+2.192-06.68        52.28   118.242    2.192    -6.68   0.72±0.06    1.40   0.39            1.18       0.78    1.56e+21    2.01e+20          0.403
G116.708+1.342-07.35        39.95   116.708    1.342    -7.35   0.73±0.08    2.09   0.67            1.64       3.71    3.33e+21    3.47e+20          0.070
G120.942+4.233-70.14       -37.67   120.942    4.233   -70.14   6.23±0.88   34.55   8.90            2.04    2206.05    7.92e+21    6.90e+20          0.332
G147.458-0.650-01.67        51.91   147.458   -0.650    -1.67   0.44±0.16    0.85   0.26            1.26       0.55    2.59e+21    2.78e+20          0.180
G125.550-1.917-17.87        47.02   125.550   -1.917   -17.87   2.07±0.87    2.65   0.92            2.62       7.29    3.58e+21    5.06e+20          0.157
G127.142+0.317-15.36        49.13   127.142    0.317   -15.36   1.30±1.00    4.09   1.04            1.81      17.80    6.16e+21    4.64e+20          0.363
G120.200+0.658+03.84        49.06   120.200    0.658     3.84   0.69±0.03    0.98   0.36            1.36       1.06    3.50e+21    4.25e+20          0.282
G119.525-0.575-31.56       -45.62   119.525   -0.575   -31.56   2.57±0.92    2.86   1.06            1.03       5.97    1.50e+21    2.99e+20          0.007
G120.758+3.975-37.07       -28.86   120.758    3.975   -37.07   2.65±1.02   15.57   3.39            2.21     576.04    1.04e+22    7.23e+20          0.128
G119.025-4.000-09.19       -35.04   119.025   -4.000    -9.19   0.69±0.03    1.05   0.29            1.17       0.43    1.70e+21    2.06e+20          0.337
G141.042+2.125-09.19        26.81   141.042    2.125    -9.19   0.42±2.24    1.28   0.32            0.90       0.78    2.52e+21    4.08e+20          0.063
G106.775+1.550-23.38       -27.07   106.775    1.550   -23.38   2.67±0.69   12.89   3.10            1.38     283.57    1.05e+22    1.25e+21          1.014
G132.550-1.442-46.09       -50.32   132.550   -1.442   -46.09   2.39±0.11    2.92   0.90            1.41      10.47    3.82e+21    6.07e+20          0.286
G121.333-0.442-39.41       -30.31   121.333   -0.442   -39.41   2.54±0.31    6.19   1.93            2.03      98.31    6.97e+21    5.48e+20          0.230
G149.400+4.325-10.35       -48.05   149.400    4.325   -10.35   0.51±0.13    0.60   0.20            1.15       0.24    1.95e+21    3.39e+20          0.017
G141.125+0.167-45.42       -23.14   141.125    0.167   -45.42   2.07±0.23    2.19   0.75            0.83       3.93    1.85e+21    2.13e+20          0.035
G114.808-4.042-45.09        37.18   114.808   -4.042   -45.09   3.25±0.95    4.39   1.45            1.03      25.23    3.89e+21    7.18e+20          0.159
G143.233+1.242-33.57       -29.91   143.233    1.242   -33.57   2.06±0.25    4.45   1.26            3.20      22.11    4.01e+21    4.62e+20          0.229
G131.033-0.617-17.87        43.56   131.033   -0.617   -17.87   1.85±0.78    3.81   0.99            1.22       6.67    2.33e+21    3.43e+20          0.127
G121.150-0.033-36.07       -39.29   121.150   -0.033   -36.07   2.60±0.68    3.11   1.09            1.16       6.69    2.40e+21    4.09e+20          0.543
G118.842-1.658-23.71       -45.44   118.842   -1.658   -23.71   2.40±0.93    3.90   1.39            3.41      14.27    4.89e+21    5.16e+20          0.068
G144.825+0.092-15.53       -30.92   144.825    0.092   -15.53   1.94±0.38    3.91   1.18            1.13      14.25    3.64e+21    4.47e+20          0.490
G107.958+5.158+00.17       -56.89   107.958    5.158     0.17   0.78±0.09    1.71   0.41            0.98       1.80    2.83e+21    2.63e+20          0.661
G149.092+3.208-09.69       -56.40   149.092    3.208    -9.69   0.51±0.13    2.44   0.64            2.87       8.03    5.34e+21    4.58e+20          0.463
G121.900+1.558-02.34       -50.81   121.900    1.558    -2.34   0.39±0.07    0.48   0.19            1.38       0.29    2.67e+21    3.44e+20          0.209
G116.858+4.842-13.19        21.61   116.858    4.842   -13.19   0.75±0.08    1.82   0.41            1.05       2.83    2.19e+21    1.66e+20          0.185
G125.117+1.600-81.50        56.11   125.117    1.600   -81.50   5.59±0.51   12.22   3.06            1.58     187.76    6.83e+21    4.58e+20          0.406
G123.142-0.658+04.01        38.43   123.142   -0.658     4.01   0.06±0.16    0.11   0.03            0.99       0.01    3.41e+21    4.17e+20          0.543
G117.058+2.208-51.77        47.27   117.058    2.208   -51.77   2.65±0.31    5.80   1.85            0.85      44.45    6.93e+21    7.39e+20          0.388
G117.058+3.567-18.20        30.00   117.058    3.567   -18.20   1.49±1.01    4.83   1.08            1.91      27.36    6.36e+21    6.96e+20          0.209
G122.675-0.642-39.08       -52.98   122.675   -0.642   -39.08   2.53±0.27    6.32   1.56            1.43      29.79    4.03e+21    3.50e+20          0.511
G141.400-3.150-02.67       -23.45   141.400   -3.150    -2.67   0.28±0.01    0.47   0.18            1.49       0.27    1.92e+21    1.92e+20          0.470
G107.417+3.292-07.18        12.44   107.417    3.292    -7.18   0.80±0.10    1.31   0.47            1.00       2.63    5.58e+21    4.63e+20          1.168
G129.583-0.683-45.59        29.55   129.583   -0.683   -45.59   1.96±0.04    4.29   1.09            0.96      21.43    5.04e+21    5.93e+20          0.222
G127.883-1.850-07.18       -61.52   127.883   -1.850    -7.18   0.56±0.16    0.51   0.20            0.84       0.28    2.09e+21    2.47e+20          0.526
G113.425-3.442-07.68        60.61   113.425   -3.442    -7.68   0.74±0.08    1.46   0.47            1.23       2.53    3.78e+21    5.45e+20          0.444
G106.492+0.858-44.92       -63.87   106.492    0.858   -44.92   3.02±0.28    3.64   1.10            1.37      14.42    4.65e+21    4.02e+20          0.580
G115.400-4.492-06.85       -37.44   115.400   -4.492    -6.85   0.72±0.07    1.56   0.48            1.16       2.70    3.91e+21    4.31e+20          0.481
G127.692-0.383-46.93       -36.49   127.692   -0.383   -46.93   2.40±0.27    7.04   1.81            2.24      50.95    5.43e+21    6.74e+20          0.397
G139.433+3.492-08.02       -65.09   139.433    3.492    -8.02   0.53±0.14    1.26   0.42            0.75       1.99    3.51e+21    4.43e+20          0.117
G108.567-0.575-08.52        43.72   108.567   -0.575    -8.52   0.77±0.09    2.55   0.65            3.27       7.36    9.10e+21    6.69e+20          0.656
G113.350+1.000-11.36       -39.40   113.350    1.000   -11.36   0.77±0.08    1.24   0.37            1.76       1.03    2.61e+21    3.13e+20          0.686
G126.825+1.492-11.52        48.55   126.825    1.492   -11.52   0.84±1.99    3.12   0.92            1.49       9.44    3.99e+21    3.89e+20          0.307
